              precision    recall  f1-score   support

         0.0       0.99      0.99      0.99       399
         1.0       0.99      1.00      0.99       400
         2.0       0.98      0.98      0.98       400
         3.0       1.00      0.99      0.99       400
         4.0       0.98      0.98      0.98       400
         5.0       1.00      0.99      1.00       400
         6.0       0.98      0.99      0.98       400
         7.0       0.98      0.99      0.98       400
         8.0       1.00      0.98      0.99       400
         9.0       0.99      0.98      0.99       400
        10.0       1.00      0.99      1.00       400
        11.0       0.94      0.98      0.96       376
        12.0       0.99      0.92      0.95       301
        13.0       0.97      0.98      0.98       400
        14.0       0.99      0.99      0.99       400
        15.0       0.99      0.99      0.99       400
        16.0       0.99      0.97      0.98       400
        17.0       0.98      0.98      0.98       400
        18.0       0.99      0.97      0.98       400
        19.0       0.98      0.97      0.98       400
        20.0       0.98      0.97      0.98       400
        21.0       1.00      0.99      0.99       400
        22.0       0.97      0.99      0.98       400
        23.0       1.00      0.99      1.00       400

    accuracy                           0.98      9476
   macro avg       0.98      0.98      0.98      9476
weighted avg       0.98      0.98      0.98      9476
